Type;FSL-6;
Version;2.50;
Date;13.Jan 26;
Mode;ANALYZER;
Center Freq;960000000,000000;Hz
Freq Offset;0,000000;Hz
Span;2000000,000000;Hz
x-Axis;LIN;
Start;959000000,000000;Hz
Stop;961000000,000000;Hz
Ref Level;3,000000;dBm
Level Offset;0,000000;dB
Ref Position;100,000000;%
y-Axis;LOG;
Level Range;100,000000;dB
Rf Att;25,000000;dB
RBW;100000,000000;Hz
VBW;300000,000000;Hz
SWT;1,000000;s
Trace Mode;CLR/WRITE;
Detector;SAMPLE;
Sweep Count;0;
Trace 1:;;
x-Unit;Hz;
y-Unit;dBm;
Preamplifier;OFF;
Transducer;OFF;
Values;501;
959000000;-87,532943725585938;
959004000;-72,041358947753906;
959008000;-75,794807434082031;
959012000;-72,970329284667969;
959016000;-67,348869323730469;
959020000;-75,047775268554688;
959024000;-64,899497985839844;
959028000;-71,296638488769531;
959032000;-75,811477661132813;
959036000;-77,652984619140625;
959040000;-71,104721069335937;
959044000;-75,035606384277344;
959048000;-70,8880615234375;
959052000;-67,773727416992187;
959056000;-71,579635620117188;
959060000;-68,767333984375;
959064000;-71,762687683105469;
959068000;-67,216270446777344;
959072000;-65,865684509277344;
959076000;-63,117603302001953;
959080000;-71,519851684570313;
959084000;-64,385948181152344;
959088000;-79,377044677734375;
959092000;-77,740371704101563;
959096000;-83,882125854492188;
959100000;-64,353500366210937;
959104000;-74,37310791015625;
959108000;-64,530517578125;
959112000;-83,262031555175781;
959116000;-70,726829528808594;
959120000;-74,240997314453125;
959124000;-68,789573669433594;
959128000;-63,831325531005859;
959132000;-70,205032348632812;
959136000;-64,278572082519531;
959140000;-70,126625061035156;
959144000;-68,911048889160156;
959148000;-72,86029052734375;
959152000;-77,636474609375;
959156000;-66,586585998535156;
959160000;-73,758308410644531;
959164000;-73,344062805175781;
959168000;-67,828834533691406;
959172000;-68,081573486328125;
959176000;-67,196563720703125;
959180000;-68,0966796875;
959184000;-68,8167724609375;
959188000;-77,219741821289063;
959192000;-69,259933471679687;
959196000;-70,382614135742187;
959200000;-73,895347595214844;
959204000;-71,247390747070312;
959208000;-64,360588073730469;
959212000;-78,938400268554687;
959216000;-68,451850891113281;
959220000;-72,232345581054687;
959224000;-75,280036926269531;
959228000;-70,455390930175781;
959232000;-72,370918273925781;
959236000;-62,86663818359375;
959240000;-70,122032165527344;
959244000;-69,370002746582031;
959248000;-77,981864929199219;
959252000;-74,430671691894531;
959256000;-74,6920166015625;
959260000;-68,625892639160156;
959264000;-70,022850036621094;
959268000;-65,441093444824219;
959272000;-68,716224670410156;
959276000;-66,661491394042969;
959280000;-60,777050018310547;
959284000;-69,869094848632812;
959288000;-68,026260375976562;
959292000;-73,522193908691406;
959296000;-66,853446960449219;
959300000;-65,943511962890625;
959304000;-74,254898071289062;
959308000;-73,930557250976562;
959312000;-74,980865478515625;
959316000;-74,032920837402344;
959320000;-76,870658874511719;
959324000;-74,252395629882813;
959328000;-69,418479919433594;
959332000;-72,060516357421875;
959336000;-70,585868835449219;
959340000;-77,367118835449219;
959344000;-76,007980346679688;
959348000;-68,214111328125;
959352000;-66,986579895019531;
959356000;-71,167633056640625;
959360000;-75,826942443847656;
959364000;-75,558311462402344;
959368000;-69,26702880859375;
959372000;-67,14129638671875;
959376000;-65,39385986328125;
959380000;-63,258419036865234;
959384000;-63,808338165283203;
959388000;-75,920669555664063;
959392000;-81,984039306640625;
959396000;-69,126838684082031;
959400000;-76,993995666503906;
959404000;-68,699874877929688;
959408000;-67,644020080566406;
959412000;-72,14373779296875;
959416000;-73,131752014160156;
959420000;-66,696502685546875;
959424000;-74,669578552246094;
959428000;-65,866134643554688;
959432000;-68,898521423339844;
959436000;-72,607177734375;
959440000;-74,007186889648438;
959444000;-74,405860900878906;
959448000;-64,900337219238281;
959452000;-64,277664184570312;
959456000;-71,007598876953125;
959460000;-69,85589599609375;
959464000;-74,155319213867188;
959468000;-72,950218200683594;
959472000;-80,801765441894531;
959476000;-70,437217712402344;
959480000;-76,146842956542969;
959484000;-76,802635192871094;
959488000;-75,177909851074219;
959492000;-69,428634643554688;
959496000;-72,4241943359375;
959500000;-67,576667785644531;
959504000;-66,073478698730469;
959508000;-70,254119873046875;
959512000;-66,179771423339844;
959516000;-77,109687805175781;
959520000;-74,027458190917969;
959524000;-66,81134033203125;
959528000;-75,32855224609375;
959532000;-65,551834106445313;
959536000;-68,164253234863281;
959540000;-67,172454833984375;
959544000;-75,120559692382812;
959548000;-65,826683044433594;
959552000;-69,768928527832031;
959556000;-65,110435485839844;
959560000;-80,75274658203125;
959564000;-90,392181396484375;
959568000;-71,643043518066406;
959572000;-84,615959167480469;
959576000;-75,911750793457031;
959580000;-66,537284851074219;
959584000;-73,792304992675781;
959588000;-67,497406005859375;
959592000;-61,579292297363281;
959596000;-64,305625915527344;
959600000;-76,946495056152344;
959604000;-77,108024597167969;
959608000;-74,725227355957031;
959612000;-63,645465850830078;
959616000;-65,899932861328125;
959620000;-84,049713134765625;
959624000;-84,358970642089844;
959628000;-62,749835968017578;
959632000;-68,799148559570313;
959636000;-74,683845520019531;
959640000;-71,328483581542969;
959644000;-71,279731750488281;
959648000;-77,291481018066406;
959652000;-68,41619873046875;
959656000;-69,962310791015625;
959660000;-68,130393981933594;
959664000;-71,702407836914062;
959668000;-78,280120849609375;
959672000;-71,933021545410156;
959676000;-64,910041809082031;
959680000;-79,260185241699219;
959684000;-66,319358825683594;
959688000;-66,468406677246094;
959692000;-66,450439453125;
959696000;-71,792648315429687;
959700000;-70,00238037109375;
959704000;-66,537193298339844;
959708000;-69,112228393554687;
959712000;-65,904960632324219;
959716000;-68,467803955078125;
959720000;-68,2012939453125;
959724000;-67,830657958984375;
959728000;-65,358299255371094;
959732000;-75,514312744140625;
959736000;-81,393890380859375;
959740000;-71,240760803222656;
959744000;-70,119010925292969;
959748000;-67,332489013671875;
959752000;-67,7508544921875;
959756000;-79,593238830566406;
959760000;-71,999130249023438;
959764000;-66,138656616210937;
959768000;-65,697807312011719;
959772000;-61,650508880615234;
959776000;-69,371833801269531;
959780000;-67,845176696777344;
959784000;-70,714179992675781;
959788000;-73,031120300292969;
959792000;-75,674751281738281;
959796000;-75,130210876464844;
959800000;-63,270561218261719;
959804000;-76,114326477050781;
959808000;-77,105606079101563;
959812000;-70,186355590820312;
959816000;-66,750732421875;
959820000;-65,7706298828125;
959824000;-67,684989929199219;
959828000;-67,804794311523438;
959832000;-76,197235107421875;
959836000;-66,011611938476563;
959840000;-76,216079711914063;
959844000;-63,171539306640625;
959848000;-68,314132690429688;
959852000;-79,612617492675781;
959856000;-86,343460083007813;
959860000;-80,750259399414063;
959864000;-70,5418701171875;
959868000;-64,030624389648438;
959872000;-72,283828735351563;
959876000;-71,69207763671875;
959880000;-75,047874450683594;
959884000;-75,149246215820313;
959888000;-71,145736694335937;
959892000;-65,164047241210937;
959896000;-65,015724182128906;
959900000;-64,063278198242187;
959904000;-65,073371887207031;
959908000;-85,353065490722656;
959912000;-64,676551818847656;
959916000;-67,316818237304688;
959920000;-71,920341491699219;
959924000;-76,626029968261719;
959928000;-74,021820068359375;
959932000;-73,835128784179688;
959936000;-72,382255554199219;
959940000;-73,876327514648438;
959944000;-63,403244018554687;
959948000;-68,901908874511719;
959952000;-77,857528686523438;
959956000;-67,312705993652344;
959960000;-69,248786926269531;
959964000;-66,485832214355469;
959968000;-65,436111450195313;
959972000;-71,557022094726563;
959976000;-63,653690338134766;
959980000;-63,813556671142578;
959984000;-67,685493469238281;
959988000;-67,553001403808594;
959992000;-68,560203552246094;
959996000;-67,295753479003906;
960000000;-66,744735717773438;
960004000;-64,139808654785156;
960008000;-75,187248229980469;
960012000;-70,662704467773437;
960016000;-71,143653869628906;
960020000;-69,568161010742187;
960024000;-68,04193115234375;
960028000;-66,993644714355469;
960032000;-65,113357543945312;
960036000;-72,659317016601562;
960040000;-65,618576049804688;
960044000;-67,253189086914063;
960048000;-67,202827453613281;
960052000;-68,335456848144531;
960056000;-66,568008422851562;
960060000;-68,462882995605469;
960064000;-76,913063049316406;
960068000;-70,777099609375;
960072000;-68,595741271972656;
960076000;-65,732894897460938;
960080000;-66,346481323242187;
960084000;-68,653739929199219;
960088000;-65,775184631347656;
960092000;-64,073516845703125;
960096000;-78,693489074707031;
960100000;-69,317245483398438;
960104000;-74,140213012695313;
960108000;-70,35955810546875;
960112000;-77,049751281738281;
960116000;-71,696990966796875;
960120000;-68,740562438964844;
960124000;-65,448371887207031;
960128000;-70,834579467773438;
960132000;-66,799407958984375;
960136000;-71,999420166015625;
960140000;-79,047981262207031;
960144000;-66,99627685546875;
960148000;-73,734580993652344;
960152000;-73,097793579101563;
960156000;-68,416328430175781;
960160000;-78,980499267578125;
960164000;-63,894386291503906;
960168000;-66,729461669921875;
960172000;-65,539894104003906;
960176000;-65,753707885742188;
960180000;-68,819595336914063;
960184000;-65,289886474609375;
960188000;-71,249435424804688;
960192000;-79,287834167480469;
960196000;-66,062057495117188;
960200000;-65,303993225097656;
960204000;-76,841911315917969;
960208000;-64,509414672851562;
960212000;-74,346099853515625;
960216000;-68,430618286132812;
960220000;-67,735755920410156;
960224000;-65,042373657226563;
960228000;-67,231292724609375;
960232000;-64,6610107421875;
960236000;-73,342002868652344;
960240000;-67,005706787109375;
960244000;-62,841419219970703;
960248000;-66,456146240234375;
960252000;-76,952590942382812;
960256000;-74,286506652832031;
960260000;-76,275077819824219;
960264000;-66,470298767089844;
960268000;-70,823890686035156;
960272000;-71,583671569824219;
960276000;-86,511695861816406;
960280000;-65,163604736328125;
960284000;-81,678871154785156;
960288000;-75,4937744140625;
960292000;-59,632431030273438;
960296000;-75,602577209472656;
960300000;-66,817192077636719;
960304000;-69,761688232421875;
960308000;-66,089340209960938;
960312000;-64,412353515625;
960316000;-65,309173583984375;
960320000;-66,164901733398437;
960324000;-61,268543243408203;
960328000;-61,45556640625;
960332000;-59,195178985595703;
960336000;-58,181053161621094;
960340000;-53,829421997070313;
960344000;-51,953689575195313;
960348000;-50,774753570556641;
960352000;-48,800365447998047;
960356000;-47,416606903076172;
960360000;-46,468120574951172;
960364000;-45,506351470947266;
960368000;-43,963737487792969;
960372000;-43,192459106445313;
960376000;-42,136165618896484;
960380000;-41,040584564208984;
960384000;-39,684398651123047;
960388000;-38,889335632324219;
960392000;-37,936416625976562;
960396000;-36,9833984375;
960400000;-36,483230590820313;
960404000;-36,068710327148438;
960408000;-35,205299377441406;
960412000;-35,001094818115234;
960416000;-34,800643920898437;
960420000;-34,496681213378906;
960424000;-34,70654296875;
960428000;-34,485916137695312;
960432000;-34,643394470214844;
960436000;-34,613758087158203;
960440000;-34,824954986572266;
960444000;-34,911758422851563;
960448000;-34,932025909423828;
960452000;-35,232295989990234;
960456000;-35,715385437011719;
960460000;-36,439388275146484;
960464000;-37,118019104003906;
960468000;-37,327262878417969;
960472000;-38,209339141845703;
960476000;-39,270370483398437;
960480000;-40,165103912353516;
960484000;-41,816032409667969;
960488000;-43,165657043457031;
960492000;-44,445186614990234;
960496000;-45,349250793457031;
960500000;-46,393856048583984;
960504000;-47,999568939208984;
960508000;-50,727237701416016;
960512000;-53,247806549072266;
960516000;-50,976299285888672;
960520000;-51,728496551513672;
960524000;-55,611648559570313;
960528000;-56,491771697998047;
960532000;-61,966468811035156;
960536000;-64,469535827636719;
960540000;-57,742931365966797;
960544000;-61,584541320800781;
960548000;-63,650196075439453;
960552000;-62,174972534179688;
960556000;-66,057365417480469;
960560000;-83,056510925292969;
960564000;-71,108268737792969;
960568000;-64,747245788574219;
960572000;-66,354133605957031;
960576000;-67,927169799804688;
960580000;-69,545936584472656;
960584000;-69,428550720214844;
960588000;-69,390953063964844;
960592000;-73,395065307617187;
960596000;-71,71649169921875;
960600000;-72,98016357421875;
960604000;-69,227493286132813;
960608000;-62,640243530273438;
960612000;-68,295463562011719;
960616000;-73,959617614746094;
960620000;-72,588630676269531;
960624000;-69,592597961425781;
960628000;-67,153350830078125;
960632000;-63,952831268310547;
960636000;-71,448638916015625;
960640000;-62,129695892333984;
960644000;-82,660995483398438;
960648000;-77,79669189453125;
960652000;-68,659988403320312;
960656000;-72,296478271484375;
960660000;-72,464408874511719;
960664000;-71,939262390136719;
960668000;-69,217552185058594;
960672000;-71,060394287109375;
960676000;-67,717636108398438;
960680000;-74,860328674316406;
960684000;-68,204673767089844;
960688000;-66,7022705078125;
960692000;-74,333290100097656;
960696000;-70,900375366210937;
960700000;-67,113113403320313;
960704000;-70,476409912109375;
960708000;-61,938499450683594;
960712000;-67,41375732421875;
960716000;-80,540351867675781;
960720000;-71,036140441894531;
960724000;-64,748458862304688;
960728000;-69,367050170898437;
960732000;-70,176528930664062;
960736000;-72,657135009765625;
960740000;-74,781707763671875;
960744000;-67,859771728515625;
960748000;-72,865242004394531;
960752000;-65,608436584472656;
960756000;-68,882530212402344;
960760000;-70,7886962890625;
960764000;-70,109268188476563;
960768000;-66,108055114746094;
960772000;-71,271697998046875;
960776000;-62,983821868896484;
960780000;-74,164794921875;
960784000;-69,341201782226562;
960788000;-81,288673400878906;
960792000;-67,716529846191406;
960796000;-61,21795654296875;
960800000;-64,159614562988281;
960804000;-72,501556396484375;
960808000;-72,294342041015625;
960812000;-71,748268127441406;
960816000;-75,239608764648438;
960820000;-75,085533142089844;
960824000;-68,49468994140625;
960828000;-61,978801727294922;
960832000;-76,205894470214844;
960836000;-77,103477478027344;
960840000;-82,2437744140625;
960844000;-75,66021728515625;
960848000;-72,892372131347656;
960852000;-65,900657653808594;
960856000;-78,087425231933594;
960860000;-68,814666748046875;
960864000;-75,397407531738281;
960868000;-72,830802917480469;
960872000;-74,978179931640625;
960876000;-69,057907104492188;
960880000;-68,120643615722656;
960884000;-71,1497802734375;
960888000;-66,947113037109375;
960892000;-67,690536499023438;
960896000;-70,393463134765625;
960900000;-77,447952270507813;
960904000;-65,37274169921875;
960908000;-70,414268493652344;
960912000;-90,036407470703125;
960916000;-69,893325805664063;
960920000;-80,68670654296875;
960924000;-70,311912536621094;
960928000;-66,569534301757812;
960932000;-73,913238525390625;
960936000;-78,712654113769531;
960940000;-71,623756408691406;
960944000;-69,144798278808594;
960948000;-64,966636657714844;
960952000;-71,344406127929688;
960956000;-65,5606689453125;
960960000;-67,8240966796875;
960964000;-68,12310791015625;
960968000;-72,005538940429688;
960972000;-80,663490295410156;
960976000;-69,05242919921875;
960980000;-62,170680999755859;
960984000;-67,377388000488281;
960988000;-70,838714599609375;
960992000;-73,460853576660156;
960996000;-70,061210632324219;
961000000;-71,847030639648438;
