Voltage
"[-9.02203165e-03 -8.97523341e-03 -8.70616413e-03 -8.59358422e-03
 -8.63250023e-03 -8.40230568e-03 -8.19167231e-03 -8.25534929e-03
 -8.09386645e-03 -8.09266967e-03 -8.06770236e-03 -7.82756215e-03
 -7.74358118e-03 -7.65072752e-03 -7.60896400e-03 -7.57776517e-03
 -7.53752859e-03 -7.30473414e-03 -7.18373550e-03 -7.40922546e-03
 -7.10045609e-03 -7.22578789e-03 -6.92106281e-03 -6.90410154e-03
 -6.77984271e-03 -6.59260846e-03 -6.49397724e-03 -6.43991578e-03
 -6.33583714e-03 -6.28210582e-03 -6.12846396e-03 -6.16878308e-03
 -6.11967382e-03 -6.02401391e-03 -6.07725001e-03 -5.84156678e-03
 -5.99735459e-03 -5.81333927e-03 -5.64488209e-03 -5.65878951e-03
 -5.71128278e-03 -5.57901790e-03 -5.63584434e-03 -5.58392882e-03
 -5.56643107e-03 -5.38914248e-03 -5.21111106e-03 -5.23273564e-03
 -5.28869545e-03 -5.21470140e-03 -4.99164627e-03 -5.03605096e-03
 -5.11400676e-03 -5.03332725e-03 -4.98203076e-03 -5.11359408e-03
 -4.79533300e-03 -4.84683583e-03 -4.71791368e-03 -4.92536939e-03
 -4.85050871e-03 -4.71944061e-03 -4.66550295e-03 -4.55168499e-03
 -4.42519767e-03 -4.70132383e-03 -4.54528841e-03 -4.33758508e-03
 -4.51949572e-03 -4.38768479e-03 -4.25178830e-03 -4.27547630e-03
 -4.22446869e-03 -4.13083093e-03 -4.21827845e-03 -3.89960468e-03
 -4.03830742e-03 -3.90055385e-03 -3.82020448e-03 -3.82305200e-03
 -3.84954624e-03 -3.79494829e-03 -3.74068048e-03 -3.54482116e-03
 -3.60329833e-03 -3.63610663e-03 -3.59756204e-03 -3.39377920e-03
 -3.46224330e-03 -3.27715501e-03 -3.20559578e-03 -3.25342574e-03
 -3.21500496e-03 -3.29523052e-03 -3.26345393e-03 -3.36786272e-03
 -3.21471608e-03 -3.19639295e-03 -2.95278622e-03 -2.84140309e-03
 -2.90297539e-03 -2.79237636e-03 -2.73113421e-03 -2.69448797e-03
 -2.66151460e-03 -2.68115831e-03 -2.62292874e-03 -2.55867401e-03
 -2.65437518e-03 -2.49842230e-03 -2.36900493e-03 -2.28023683e-03
 -2.21255683e-03 -2.27293234e-03 -2.07364775e-03 -2.10393868e-03
 -2.09197088e-03 -1.97774024e-03 -2.06011175e-03 -1.83841848e-03
 -1.96011868e-03 -1.88352472e-03 -1.85562736e-03 -1.82772999e-03
 -1.71828648e-03 -1.77915721e-03 -1.63046755e-03 -1.46646735e-03
 -1.34484968e-03 -1.24782793e-03 -1.47942559e-03 -1.32462822e-03
 -1.54339145e-03 -1.25698949e-03 -1.14965065e-03 -1.29008666e-03
 -1.19479817e-03 -1.17292597e-03 -1.03562636e-03 -8.58832988e-04
 -8.70924598e-04 -8.64115330e-04 -8.01263719e-04 -7.80794645e-04
 -7.78029669e-04 -6.52120105e-04 -6.30866933e-04 -4.88986539e-04
 -6.16216689e-04 -4.57870246e-04 -2.22847312e-04 -3.33528876e-04
 -2.22847312e-04 -3.08685364e-04 -1.32676091e-04 -1.76420482e-04
 -1.48234237e-04 -1.84591604e-04 -1.13885750e-05  1.61566844e-04
  7.88371821e-06  1.10311623e-04  5.41042073e-05  1.35567819e-04
  1.45719820e-04  6.52466466e-05  1.69449088e-04  2.42824115e-04
  2.48395335e-04  2.92139726e-04  1.18070063e-04  3.55857972e-04
  3.75377875e-04  3.00847336e-04  3.28909776e-04  5.31867245e-04
  2.97463336e-04  4.63196804e-04  3.88624997e-04  2.52522164e-04
  3.67701972e-04  4.63692023e-04  3.03117092e-04  4.36826364e-04
  3.38731630e-04  2.89869970e-04  2.51407920e-04  2.99568019e-04
  4.09506754e-04  3.82971241e-04  3.44963142e-04  2.69524701e-04
  4.98274854e-04  2.71381774e-04  3.56889679e-04  4.50981389e-04
  3.73025582e-04  2.79759238e-04  3.23875044e-04  2.52068213e-04
  1.43161185e-04  1.38497868e-04  2.53636408e-04  1.84512016e-04
 -1.99311118e-05 -1.76420482e-04  1.47342550e-05 -9.95376506e-05
  6.93322077e-05 -2.16038044e-04 -3.42195218e-04 -2.23259995e-04
 -2.10384288e-04 -2.49217752e-04 -1.29415895e-04 -1.77328384e-04
 -3.93202829e-04 -3.86311024e-04 -2.08527215e-04 -6.47828202e-04
 -6.23727519e-04 -4.87707222e-04 -7.12206740e-04 -7.60366839e-04
 -7.27022058e-04 -7.22895229e-04 -9.10500892e-04 -9.38233186e-04
 -8.07206353e-04 -1.00917338e-03 -1.13372109e-03 -1.01255738e-03
 -1.16591036e-03 -1.20878812e-03 -1.34579886e-03 -1.27560149e-03
 -1.28278217e-03 -1.16582783e-03 -1.21163563e-03 -1.36143954e-03
 -1.64846052e-03 -1.50558969e-03 -1.78159204e-03 -1.75695487e-03
 -1.68766540e-03 -1.89413068e-03 -1.89301643e-03 -1.83185682e-03
 -1.84939584e-03 -1.88950863e-03 -2.14619741e-03 -2.24305410e-03
 -1.92685643e-03 -2.24218747e-03 -2.20211595e-03 -2.18069771e-03
 -2.30186142e-03 -2.53156074e-03 -2.68631684e-03 -2.55822006e-03
 -2.42933918e-03 -2.68644065e-03 -2.77574524e-03 -2.57728601e-03
 -2.85448514e-03 -2.79567782e-03 -2.79922690e-03 -2.71615382e-03
 -2.98613100e-03 -3.00672388e-03 -2.98105500e-03 -2.97366797e-03
 -3.06899773e-03 -3.11724037e-03 -3.19870398e-03 -3.28338652e-03
 -3.20485295e-03 -3.30026525e-03 -3.48584877e-03 -3.54770994e-03
 -3.52583774e-03 -3.68670155e-03 -3.83109931e-03 -3.70956419e-03
 -4.15389991e-03 -3.83922917e-03 -3.90286488e-03 -4.06236683e-03
 -4.31670333e-03 -4.01284488e-03 -4.04169142e-03 -4.37930733e-03
 -4.17110879e-03 -4.28814567e-03 -4.34319757e-03 -4.36915533e-03
 -4.34394040e-03 -4.42866421e-03 -4.51821641e-03 -4.40695709e-03
 -4.43048001e-03 -4.60025777e-03 -4.64317680e-03 -4.63236451e-03
 -4.50001709e-03 -4.54367894e-03 -4.98260852e-03 -4.72732285e-03
 -4.69678431e-03 -4.90324959e-03 -4.96890744e-03 -5.09535349e-03
 -4.97435486e-03 -4.98471320e-03 -5.10740384e-03 -5.18197564e-03
 -5.24998579e-03 -5.17446481e-03 -5.15882413e-03 -5.33462706e-03
 -5.45199409e-03 -5.19666716e-03 -5.42760453e-03 -5.33664921e-03
 -5.36429897e-03 -5.54100980e-03 -5.62173058e-03 -5.67232551e-03
 -5.64694551e-03 -5.62354639e-03 -5.73955156e-03 -5.89649488e-03
 -5.74982737e-03 -5.80912990e-03 -5.76113488e-03 -5.93161420e-03
 -5.78998142e-03 -6.14204123e-03 -6.02327108e-03 -6.07477391e-03
 -6.05954591e-03 -5.97201586e-03 -6.16444991e-03 -6.17435430e-03
 -6.35878231e-03 -6.32349792e-03 -6.45159470e-03 -6.34561772e-03
 -6.44614729e-03 -6.46872104e-03 -6.42109743e-03 -6.42444016e-03
 -6.56446349e-03 -6.64671120e-03 -6.44115382e-03 -6.68880486e-03
 -6.60919832e-03 -6.57090134e-03 -6.59578612e-03 -6.84599579e-03
 -6.86869335e-03 -6.68372885e-03 -6.98614291e-03 -6.88140398e-03
 -6.94289374e-03 -7.22050555e-03 -7.01205940e-03 -7.14556233e-03
 -7.28744273e-03 -7.21844214e-03 -7.15138116e-03 -7.44343688e-03
 -7.33708848e-03 -7.30968634e-03 -7.38809609e-03 -7.27275121e-03
  0.00000000e+00]"
