Voltage
"[0.00131902 0.00130792 0.00151236 0.00147518 0.00169328 0.0019881
 0.0019652  0.00196206 0.00210217 0.00226666 0.00215417 0.00235035
 0.0024721  0.00242204 0.00257894 0.00262235 0.00280216 0.00288833
 0.00285729 0.00291375 0.00313264 0.00325512 0.00326007 0.00327196
 0.00338479 0.00340265 0.00338966 0.00352101 0.00361878 0.00381443
 0.00383647 0.00387027 0.0038311  0.00405899 0.00408944 0.00424065
 0.00410091 0.00412353 0.00442735 0.0043184  0.00426227 0.00453176
 0.00434551 0.00462746 0.00465899 0.00479014 0.00462733 0.00474701
 0.00487007 0.00496561 0.00490548 0.00507753 0.00495294 0.00517476
 0.00532865 0.00543136 0.        ]"
