Voltage
"[-2.84173324e-03 -2.64500728e-03 -2.65565450e-03 -2.81135977e-03
 -2.29146181e-03 -2.42203469e-03 -2.54575703e-03 -2.58314611e-03
 -2.44105937e-03 -2.31465459e-03 -2.61174504e-03 -2.36813830e-03
 -2.54047469e-03 -2.02755107e-03 -2.37453488e-03 -2.17124727e-03
 -2.33252376e-03 -2.22233742e-03 -2.35332298e-03 -2.26075820e-03
 -2.13781995e-03 -2.34816444e-03 -2.34977391e-03 -2.47564220e-03
 -2.16348883e-03 -2.52846562e-03 -2.06989234e-03 -2.67170787e-03
 -3.15013120e-03 -2.90012787e-03 -2.99954319e-03 -2.77586904e-03
 -2.70034806e-03 -2.73410553e-03 -2.91234329e-03 -2.27619254e-03
 -2.73447694e-03 -2.86257373e-03 -2.43685001e-03 -2.32493039e-03
 -2.50911079e-03 -2.39244532e-03 -2.33248249e-03 -2.31329274e-03
 -2.39223898e-03 -2.52755772e-03 -1.59844335e-03 -1.75130111e-03
 -2.01335478e-03 -2.30512161e-03 -1.55568940e-03 -1.92446287e-03
 -1.71684209e-03 -1.78976316e-03 -1.77849692e-03 -1.90226053e-03
 -1.73991106e-03 -1.86961731e-03 -1.90622229e-03 -1.59118013e-03
 -1.63707047e-03 -1.76958296e-03 -1.62811525e-03 -8.42325671e-04
 -1.35467154e-03 -1.67053906e-03 -1.58684696e-03 -1.64016560e-03
 -1.38368315e-03 -1.28785817e-03 -1.18881427e-03 -1.10516343e-03
 -1.28930256e-03 -1.09183378e-03 -1.13652734e-03 -1.06538080e-03
 -1.03925797e-03 -9.75663528e-04 -1.01771592e-03 -9.67409869e-04
 -9.14091234e-04 -8.30522939e-04 -9.04186843e-04 -8.80994062e-04
 -8.15294938e-04 -7.76874157e-04 -5.66158249e-04 -6.29051128e-04
 -4.37648782e-04 -5.46679614e-04 -4.39959806e-04 -4.02818342e-04
 -3.99805756e-04 -2.13933361e-04 -5.28934248e-04 -4.46438928e-04
 -4.51060977e-04 -3.08767900e-04 -3.78882731e-04 -3.51480584e-04
 -2.56398435e-04  8.08873300e-05  7.25098663e-05 -1.67671604e-04
 -4.34540393e-05 -8.25763818e-05  8.40106758e-08  2.77819628e-04
  1.17451038e-04  2.23799431e-04  1.42459624e-04  4.22011047e-04
  2.22066163e-04  4.00592802e-04  2.69235823e-04  3.93040704e-04
  5.21261293e-04  5.09664903e-04  8.50169595e-04  9.09307060e-04
  7.56408031e-04  5.94801393e-04  1.06224736e-03  8.86526962e-04
  7.95200228e-04  7.96025593e-04  8.88755450e-04  9.61057500e-04
  9.29074573e-04  1.06592023e-03  1.34741127e-03  1.35364278e-03
  1.34840171e-03  2.29654076e-03  1.53947391e-03  1.65205381e-03
  2.73216887e-03  1.77895382e-03  2.28321110e-03  1.98896816e-03
  2.62846164e-03  2.82824145e-03  2.59367247e-03  1.83124074e-03
  3.55567767e-03  1.42833839e-03  4.32369388e-04 -2.40303801e-04
  2.41477442e-03  8.38173788e-05  1.54358160e-05  8.05641106e-04
  1.54386161e-04 -2.26135509e-05  1.47659429e-04  3.68981289e-04
  3.44715532e-04  9.69517501e-04  1.16314834e-03  6.29755638e-04
  1.92256748e-03  2.09671968e-03  2.43722437e-03  2.28845217e-03
  2.50523452e-03  2.66089852e-03  2.55822301e-03  2.79089365e-03
  2.62804896e-03  2.78808740e-03  2.60221501e-03  2.83013980e-03
  2.80839140e-03  2.72082009e-03  2.83736175e-03  2.78074165e-03
  2.77517043e-03  2.89823248e-03  2.72606116e-03  2.84004419e-03
  2.82873667e-03  2.90467033e-03  2.86554799e-03  2.86084341e-03
  2.78519862e-03  2.75759013e-03  2.67047277e-03  2.80814379e-03
  2.71937569e-03  2.70905862e-03  2.73992731e-03  2.54534730e-03
  2.68215169e-03  2.53696984e-03  2.55966740e-03  2.44663354e-03
  2.54939159e-03  2.39133403e-03  2.45963305e-03  2.29604554e-03
  2.33124739e-03  2.25572641e-03  2.16790748e-03  2.19795080e-03
  2.13373734e-03  1.97464806e-03  2.12218222e-03  1.96144221e-03
  1.91885333e-03  1.87820406e-03  1.84717031e-03  1.73450786e-03
  1.66575489e-03  1.36243293e-03  1.56246035e-03  1.41294532e-03
  1.44257595e-03  1.33717673e-03  1.19405829e-03  1.26293507e-03
  1.11622629e-03  1.17660180e-03  1.13450814e-03  1.07136765e-03
  9.84704233e-04  9.50121402e-04  9.47356427e-04  6.37720418e-04
  6.21006759e-04  5.67605587e-04  7.19968128e-04  4.89360902e-04
  3.49956606e-04  3.35223825e-04  2.91438165e-04  5.19816903e-04
  8.44364032e-05  3.49969872e-05  3.91238166e-05 -9.21918943e-05
 -2.36465849e-04 -1.44726432e-04 -5.10982540e-04 -2.64858436e-04
 -4.85437466e-04 -3.84577756e-04 -5.65704297e-04 -7.11463911e-04
 -7.70353766e-04 -7.28177570e-04 -9.45166259e-04 -8.92260306e-04
 -1.05518753e-03 -1.19616002e-03 -1.04755290e-03 -1.16425963e-03
 -1.38331173e-03 -1.58845642e-03 -1.32561866e-03 -1.46361983e-03
 -1.72546716e-03 -1.68923360e-03 -1.76157692e-03 -1.83680902e-03
 -2.04513136e-03 -1.87803604e-03 -2.01719273e-03 -2.25419654e-03
 -2.23830825e-03 -2.33343166e-03 -2.38200444e-03 -2.43218669e-03
 -2.50391098e-03 -2.44320532e-03 -2.53597645e-03 -2.56907362e-03
 -2.87202417e-03 -2.93677412e-03 -2.87450026e-03 -2.81090582e-03
 -2.81655958e-03 -3.13981412e-03 -3.01906310e-03 -3.17761588e-03
 -3.39014759e-03 -3.28904027e-03 -3.46397657e-03 -3.38441130e-03
 -3.56054438e-03 -3.62686253e-03 -3.40471530e-03 -3.73886468e-03
 -3.74418829e-03 -3.91309941e-03 -3.74435336e-03 -3.88177678e-03
 -3.89836663e-03 -4.06187161e-03 -3.99654390e-03 -4.12150430e-03
 -4.19525074e-03 -4.32136664e-03 -4.37154889e-03 -4.49085553e-03
 -4.65605251e-03 -4.62192363e-03 -4.53393963e-03 -4.62085065e-03
 -4.75786139e-03 -4.75410597e-03 -4.81679251e-03 -4.84815641e-03
 -4.86082578e-03 -5.00522354e-03 -4.94703525e-03 -5.01789291e-03
 -5.20863496e-03 -5.25803311e-03 -5.30363457e-03 -5.31345643e-03
 -5.42356024e-03 -5.39083448e-03 -5.59424590e-03 -5.59647439e-03
 -5.74974483e-03 -5.68854395e-03 -5.64096161e-03 -5.76629342e-03
 -6.01415079e-03 -5.83777010e-03 -5.94581049e-03 -6.06536474e-03
 -5.84779830e-03 -5.91593225e-03 -5.95769576e-03 -6.15310113e-03
 -6.18157626e-03 -6.32997704e-03 -6.21294016e-03 -6.20613089e-03
 -6.36105207e-03 -6.43855392e-03 -6.46942261e-03 -6.47961587e-03
 -6.66511685e-03 -6.60168749e-03 -6.56656817e-03 -6.86629979e-03
 -6.76015774e-03 -6.96018516e-03 -6.90888867e-03 -6.93893198e-03
 -7.11143345e-03 -7.02382086e-03 -7.02761755e-03 -7.08791052e-03
 -7.28546185e-03 -7.35677346e-03 -7.31814634e-03 -7.54000468e-03
 -7.55172488e-03 -7.46109971e-03 -7.63599473e-03 -7.69781464e-03
 -7.64309288e-03 -7.62027151e-03 -7.95252255e-03 -7.72302957e-03
 -7.85471669e-03 -8.13117299e-03 -8.08276528e-03 -8.03596704e-03
 -8.28502119e-03 -8.34948227e-03 -8.15308646e-03 -8.37160207e-03
  0.00000000e+00]"
