Voltage
"[ 6.67722468e-04  1.26107800e-03  1.97547343e-03  2.71842652e-03
  3.02987834e-03  3.64795357e-03  4.05209398e-03  4.49180765e-03
  5.33467128e-03  5.46627587e-03  6.00594135e-03  6.31693921e-03
  5.70072104e-03  5.77289929e-03  6.09470945e-03  6.31495833e-03
  6.49587853e-03  6.77497600e-03  7.00314840e-03  7.06703172e-03
  7.25608177e-03  7.52147817e-03  7.79442666e-03  8.06481652e-03
  8.17855194e-03  8.34478063e-03  8.43099009e-03  8.64620425e-03
  8.88444611e-03  9.13535733e-03  9.21096085e-03  9.46158320e-03
  9.53970408e-03  9.44656154e-03  9.41532144e-03  9.31351256e-03
  9.41990222e-03  9.30142095e-03  9.22090651e-03  8.99215635e-03
  8.98534709e-03  8.66613683e-03  8.50093985e-03  8.01550091e-03
  7.67994842e-03  7.55853710e-03  7.08977055e-03  6.79754976e-03
  6.36476916e-03  5.97981852e-03  5.69717197e-03  5.26975625e-03
  4.88674522e-03  4.47195760e-03  4.08502607e-03  3.67448909e-03
  3.22429327e-03  3.05934390e-03  2.62751247e-03  2.38551520e-03
  2.20100466e-03  1.94741099e-03  1.77429050e-03  1.39763478e-03
  1.10442355e-03  1.00071633e-03  6.73169883e-04  4.09795632e-04
  1.73617186e-04 -8.16684794e-05 -2.33370727e-04 -6.15184982e-04
 -5.89103420e-04 -9.94564407e-04  0.00000000e+00]"
