target_pos [mm],actual_pos[mm]
5.0,4.99875
10.0,10.0
15.0,14.99875
20.0,19.9975
25.0,24.99875
30.0,29.9975
35.0,34.99875
40.0,40.0
45.0,44.99875
50.0,50.0
55.0,54.99875
60.0,60.0
65.0,64.99875
70.0,70.0
75.0,74.99875
80.0,80.0
85.0,84.99875
90.0,90.0
95.0,94.99875
100.0,100.0
105.0,104.9987
110.0,110.0
115.0,114.9987
120.0,120.0
125.0,124.9987
130.0,130.0
135.0,134.9987
140.0,140.0
145.0,144.9987
150.0,150.0
155.0,154.9987
160.0,160.0
165.0,164.9987
170.0,170.0
175.0,174.9987
180.0,180.0
175.0,174.9987
170.0,170.0
165.0,164.9987
160.0,160.0
155.0,154.9987
150.0,150.0
145.0,144.9987
140.0,140.0
135.0,134.9987
130.0,130.0
125.0,124.9987
