target_pos [mm],actual_pos[mm]
1.0,0.99975
1.5,1.499625
2.0,1.9995
2.5,2.499375
3.0,2.99925
3.5,3.499125
4.0,3.999
4.5,4.498875
5.0,4.99875
5.5,5.498625
6.0,5.9985
6.5,6.498375
7.0,6.99825
7.5,7.498126
8.0,7.998001
8.5,8.497875
9.0,8.99775
9.5,9.497625
10.0,10.0
10.5,10.49988
11.0,10.99975
11.5,11.49963
12.0,11.9995
12.5,12.49938
13.0,12.99925
13.5,13.49913
14.0,13.999
14.5,14.49888
15.0,14.99875
15.5,15.49863
16.0,15.9985
16.5,16.49837
17.0,16.99825
17.5,17.49812
18.0,17.998
18.5,18.49787
19.0,18.99775
19.5,19.49762
20.0,19.99999
20.5,20.49987
21.0,20.99974
21.5,21.49962
22.0,21.99949
22.5,22.49936
23.0,22.99924
23.5,23.49911
24.0,23.99899
24.5,24.49886
25.0,24.99874
25.5,25.49861
26.0,25.99848
26.5,26.49836
27.0,26.99823
27.5,27.49811
28.0,27.99798
28.5,28.49785
29.0,28.99773
29.5,29.4976
30.0,29.99998
30.5,30.49985
31.0,30.99973
31.5,31.4996
32.0,31.99947
32.5,32.49935
33.0,32.99922
33.5,33.4991
34.0,33.99897
34.5,34.49884
35.0,34.99872
35.5,35.49859
36.0,35.99847
36.5,36.49834
37.0,36.99821
37.5,37.49809
38.0,37.99796
38.5,38.49784
39.0,38.99771
39.5,39.49759
40.0,39.99996
40.5,40.49983
41.0,40.99971
41.5,41.49958
42.0,41.99945
42.5,42.49933
43.0,42.9992
43.5,43.49908
44.0,43.99895
44.5,44.49883
45.0,44.9987
45.5,45.49857
46.0,45.99845
46.5,46.49832
47.0,46.9982
47.5,47.49807
48.0,47.99794
48.5,48.49782
49.0,48.99769
49.5,49.49757
50.0,49.99994
50.5,50.49981
51.0,50.99969
51.5,51.49956
52.0,51.99944
52.5,52.49931
53.0,52.99918
53.5,53.49906
