target_pos [mm],actual_pos[mm]
1.0,0.99975
1.99975,1.9995
2.9995,2.99925
3.99925,3.999
4.999,4.99875
5.99875,5.9985
6.9985,6.99825
7.99825,7.998001
8.998001,8.99775
9.99775,9.9975
10.9975,10.99725
11.99725,11.997
12.997,12.99675
13.99675,13.9965
14.9965,14.99625
15.99625,15.996
16.996,16.99575
17.99575,17.9955
18.9955,18.99525
19.99525,19.995
20.995,20.99475
21.99475,21.9945
22.9945,22.99425
23.99425,23.994
24.994,24.99375
25.99375,25.9935
26.9935,26.99325
27.99325,27.993
28.993,28.99275
29.99275,29.9925
30.9925,30.99225
31.99225,31.992
32.992,32.99175
33.99175,33.9915
34.9915,34.99125
35.99125,35.991
36.991,36.99075
37.99075,37.99049
38.99049,38.99024
39.99024,39.98999
40.98999,40.98974
41.98974,41.98949
42.98949,42.98923
43.98923,43.98898
44.98898,44.98873
45.98873,45.98848
46.98848,46.98823
47.98823,47.98798
48.98798,48.98772
49.98772,49.98747
50.98747,50.98722
51.98722,51.98697
52.98697,52.98672
53.98672,53.98647
54.98647,54.98621
55.98621,55.98596
56.98596,56.98571
57.98571,57.98546
58.98546,58.98521
59.98521,59.98495
60.98495,60.9847
61.9847,61.98445
62.98445,62.9842
63.9842,63.98395
64.98395,64.9837
65.9837,65.98344
66.98344,66.98319
67.98319,67.98294
68.98294,68.98269
69.98269,69.98244
70.98244,70.98219
71.98219,71.98193
72.98193,72.98168
73.98168,73.98143
74.98143,74.98118
75.98118,75.98093
76.98093,76.98067
77.98067,77.98042
78.98042,78.98017
79.98017,79.97992
80.97992,80.97967
81.97967,81.97942
82.97942,82.97916
83.97916,83.97891
84.97891,84.97866
85.97866,85.97841
86.97841,86.97816
87.97816,87.97791
88.97791,88.97765
89.97765,89.9774
90.9774,90.97715
91.97715,91.9769
92.9769,92.97665
93.97665,93.97639
94.97639,94.97614
95.97614,95.97589
96.97589,96.97564
97.97564,97.97539
98.97539,98.97514
99.97514,99.97488
100.9749,100.9746
101.9746,101.9744
102.9744,102.9741
103.9741,103.9739
104.9739,104.9736
105.9736,105.9734
106.9734,106.9731
107.9731,107.9729
108.9729,108.9726
109.9726,109.9724
110.9724,110.9721
111.9721,111.9719
112.9719,112.9716
113.9716,113.9714
114.9714,114.9711
115.9711,115.9709
116.9709,116.9706
117.9706,117.9704
118.9704,118.9701
119.9701,119.9698
120.9698,120.9696
121.9696,121.9693
122.9693,122.9691
123.9691,123.9688
124.9688,124.9686
125.9686,125.9683
126.9683,126.9681
127.9681,127.9678
128.9678,128.9676
129.9676,129.9673
130.9673,130.9671
131.9671,131.9669
132.9669,132.9666
133.9666,133.9664
134.9664,134.9661
135.9661,135.9659
136.9659,136.9656
137.9656,137.9654
138.9654,138.9651
139.9651,139.9649
140.9649,140.9647
141.9647,141.9644
142.9644,142.9642
143.9642,143.9639
144.9639,144.9637
145.9637,145.9634
146.9634,146.9632
147.9632,147.963
148.963,148.9627
149.9627,149.9625
150.9625,150.9622
151.9622,151.962
152.962,152.9617
153.9617,153.9615
154.9615,154.9612
155.9612,155.961
156.961,156.9608
157.9608,157.9605
158.9605,158.9603
159.9603,159.96
160.96,160.9598
161.9598,161.9595
162.9595,162.9593
163.9593,163.959
164.959,164.9588
165.9588,165.9586
166.9586,166.9583
167.9583,167.9581
168.9581,168.9578
169.9578,169.9576
170.9576,170.9573
171.9573,171.9571
172.9571,172.9568
173.9568,173.9566
174.9566,174.9564
175.9564,175.9561
176.9561,176.9559
177.9559,177.9556
178.9556,178.9554
179.9554,179.9551
180.9551,180.9549
181.9549,181.9547
182.9547,182.9544
183.9544,183.9542
184.9542,184.9539
185.9539,185.9537
186.9537,186.9534
187.9534,187.9532
188.9532,188.9529
189.9529,189.9527
190.9527,190.9525
191.9525,191.9522
192.9522,192.952
193.952,193.9517
194.9517,194.9515
195.9515,195.9512
196.9512,196.951
197.951,197.9507
198.9507,198.903
199.903,198.903
199.903,198.903
199.903,198.903
199.903,198.903
199.903,198.903
199.903,198.903
199.903,198.903
199.903,198.903
199.903,198.903
199.903,198.903
199.903,198.903
