target_pos [mm],actual_pos[mm]
1.0,0.99975
1.5,1.499625
2.0,1.9995
2.5,2.499375
3.0,2.99925
3.5,3.499125
4.0,3.999
4.5,4.498875
5.0,4.99875
5.5,5.498625
6.0,5.9985
6.5,6.498375
7.0,6.99825
7.5,7.498126
8.0,7.998001
8.5,8.497875
9.0,8.99775
9.5,9.497625
10.0,10.0
10.5,10.49988
11.0,10.99975
11.5,11.49963
12.0,11.9995
12.5,12.49938
13.0,12.99925
13.5,13.49913
14.0,13.999
14.5,14.49888
15.0,14.99875
15.5,15.49863
16.0,15.9985
16.5,16.49837
17.0,16.99825
17.5,17.49812
18.0,17.998
18.5,18.49787
19.0,18.99775
19.5,19.49762
20.0,19.99999
20.5,20.49987
21.0,20.99974
21.5,21.49962
22.0,21.99949
22.5,22.49936
23.0,22.99924
23.5,23.49911
24.0,23.99899
24.5,24.49886
25.0,24.99874
25.5,25.49861
26.0,25.99848
26.5,26.49836
27.0,26.99823
27.5,27.49811
28.0,27.99798
28.5,28.49785
29.0,28.99773
29.5,29.4976
30.0,29.99998
30.5,30.49985
31.0,30.99973
31.5,31.4996
32.0,31.99947
32.5,32.49935
33.0,32.99922
33.5,33.4991
34.0,33.99897
34.5,34.49884
35.0,34.99872
35.5,35.49859
36.0,35.99847
36.5,36.49834
37.0,36.99821
37.5,37.49809
38.0,37.99796
38.5,38.49784
39.0,38.99771
39.5,39.49759
40.0,39.99996
40.5,40.49983
41.0,40.99971
41.5,41.49958
42.0,41.99945
42.5,42.49933
43.0,42.9992
43.5,43.49908
44.0,43.99895
44.5,44.49883
45.0,44.9987
45.5,45.49857
46.0,45.99845
46.5,46.49832
47.0,46.9982
47.5,47.49807
48.0,47.99794
48.5,48.49782
49.0,48.99769
49.5,49.49757
50.0,49.99994
50.5,50.49981
51.0,50.99969
51.5,51.49956
52.0,51.99944
52.5,52.49931
53.0,52.99918
53.5,53.49906
54.0,53.99893
54.5,54.49881
55.0,54.99868
55.5,55.49855
56.0,55.99843
56.5,56.4983
57.0,56.99818
57.5,57.49805
58.0,57.99792
58.5,58.4978
59.0,58.99767
59.5,59.49755
60.0,59.99992
60.5,60.49979
61.0,60.99967
61.5,61.49954
62.0,61.99942
62.5,62.49929
63.0,62.99916
63.5,63.49904
64.0,63.99891
64.5,64.49879
65.0,64.99866
65.5,65.49854
66.0,65.99842
66.5,66.4983
67.0,66.99818
67.5,67.49805
68.0,67.99793
68.5,68.49781
69.0,68.99769
69.5,69.49757
70.0,69.99994
70.5,70.49982
71.0,70.99969
71.5,71.49957
72.0,71.99945
72.5,72.49933
73.0,72.99921
73.5,73.49908
74.0,73.99896
74.5,74.49884
75.0,74.99872
75.5,75.4986
76.0,75.99847
76.5,76.49835
77.0,76.99823
77.5,77.49811
78.0,77.99799
78.5,78.49786
79.0,78.99774
79.5,79.49762
80.0,79.99999
80.5,80.49987
81.0,80.99975
81.5,81.49963
82.0,81.9995
82.5,82.49938
83.0,82.99926
83.5,83.49914
84.0,83.99902
84.5,84.49889
85.0,84.99877
85.5,85.49865
86.0,85.99853
86.5,86.49841
87.0,86.99828
87.5,87.49816
88.0,87.99804
88.5,88.49792
89.0,88.9978
89.5,89.49767
90.0,89.99755
90.5,90.49992
91.0,90.9998
91.5,91.49968
92.0,91.99956
92.5,92.49944
93.0,92.99931
93.5,93.49919
94.0,93.99907
94.5,94.49895
95.0,94.99883
95.5,95.4987
96.0,95.99858
96.5,96.49846
97.0,96.99834
97.5,97.49821
98.0,97.99809
98.5,98.49797
99.0,98.99785
99.5,99.49773
100.0,99.9976
100.5,100.5
101.0,100.9999
101.5,101.4997
102.0,101.9996
102.5,102.4995
103.0,102.9994
103.5,103.4992
104.0,103.9991
104.5,104.499
105.0,104.9989
105.5,105.4988
106.0,105.9986
106.5,106.4985
107.0,106.9984
107.5,107.4983
108.0,107.9981
108.5,108.498
109.0,108.9979
109.5,109.4978
110.0,109.9977
110.5,110.4975
111.0,110.9999
111.5,111.4998
112.0,111.9997
112.5,112.4995
113.0,112.9994
113.5,113.4993
114.0,113.9992
114.5,114.4991
115.0,114.9989
115.5,115.4988
116.0,115.9987
116.5,116.4986
117.0,116.9984
117.5,117.4983
118.0,117.9982
118.5,118.4981
119.0,118.998
119.5,119.4978
120.0,119.9977
120.5,120.4976
121.0,121.0
121.5,121.4998
122.0,121.9997
122.5,122.4996
123.0,122.9995
123.5,123.4994
124.0,123.9992
124.5,124.4991
125.0,124.999
125.5,125.4989
126.0,125.9987
126.5,126.4986
127.0,126.9985
127.5,127.4984
128.0,127.9983
128.5,128.4981
129.0,128.998
129.5,129.4979
130.0,129.9978
130.5,130.4976
131.0,130.9975
131.5,131.4999
132.0,131.9998
132.5,132.4996
133.0,132.9995
133.5,133.4994
134.0,133.9993
134.5,134.4992
135.0,134.999
135.5,135.4989
136.0,135.9988
136.5,136.4987
137.0,136.9986
137.5,137.4984
138.0,137.9983
138.5,138.4982
139.0,138.9981
139.5,139.4979
140.0,139.9978
140.5,140.4977
141.0,140.9976
141.5,141.5
142.0,141.9998
142.5,142.4997
143.0,142.9996
143.5,143.4995
144.0,143.9993
144.5,144.4992
145.0,144.9991
145.5,145.499
146.0,145.9989
146.5,146.4987
147.0,146.9986
147.5,147.4985
148.0,147.9984
148.5,148.4982
149.0,148.9981
149.5,149.498
150.0,149.9979
150.5,150.4978
151.0,150.9976
151.5,151.4975
152.0,151.9999
152.5,152.4998
153.0,152.9996
153.5,153.4995
154.0,153.9994
154.5,154.4993
155.0,154.9992
155.5,155.499
156.0,155.9989
156.5,156.4988
157.0,156.9987
157.5,157.4986
158.0,157.9984
158.5,158.4983
159.0,158.9982
159.5,159.4981
160.0,159.9979
160.5,160.4978
161.0,160.9977
161.5,161.4976
162.0,162.0
162.5,162.4998
163.0,162.9997
163.5,163.4996
164.0,163.9995
164.5,164.4993
165.0,164.9992
165.5,165.4991
166.0,165.999
166.5,166.4989
167.0,166.9987
167.5,167.4986
168.0,167.9985
168.5,168.4984
169.0,168.9982
169.5,169.4981
170.0,169.998
170.5,170.4979
171.0,170.9978
171.5,171.4976
172.0,171.9975
172.5,172.4999
173.0,172.9998
173.5,173.4996
174.0,173.9995
174.5,174.4994
175.0,174.9993
175.5,175.4992
176.0,175.999
176.5,176.4989
177.0,176.9988
177.5,177.4987
178.0,177.9986
178.5,178.4984
179.0,178.9983
179.5,179.4982
180.0,179.9981
180.5,180.4979
181.0,180.9978
181.5,181.4977
182.0,181.9976
182.5,182.5
183.0,182.9998
183.5,183.4997
184.0,183.9996
184.5,184.4995
185.0,184.9993
185.5,185.4992
186.0,185.9991
186.5,186.499
187.0,186.9989
187.5,187.4987
188.0,187.9986
188.5,188.4985
