target_pos [mm],actual_pos[mm]
1.0,0.99975
3.5,3.499125
6.0,5.9985
8.5,8.497875
11.0,10.99975
13.5,13.49913
16.0,15.9985
18.5,18.49788
21.0,20.99975
23.5,23.49912
26.0,25.9985
28.5,28.49787
31.0,30.99975
33.5,33.49912
36.0,35.9985
38.5,38.49787
41.0,40.99974
43.5,43.49912
46.0,45.99849
48.5,48.49787
51.0,50.99974
53.5,53.49911
56.0,55.99849
58.5,58.49786
61.0,60.99974
63.5,63.49911
66.0,65.99849
68.5,68.49786
71.0,70.99974
73.5,73.49911
76.0,75.99849
78.5,78.49786
81.0,80.99974
83.5,83.49911
86.0,85.99849
88.5,88.49786
91.0,90.99974
93.5,93.49911
96.0,95.99849
98.5,98.49786
101.0,100.9997
103.5,103.4991
106.0,105.9985
108.5,108.4979
111.0,110.9997
113.5,113.4991
116.0,115.9985
118.5,118.4979
121.0,120.9997
123.5,123.4991
126.0,125.9985
128.5,128.4979
131.0,130.9997
133.5,133.4991
136.0,135.9985
138.5,138.4979
141.0,140.9997
143.5,143.4991
146.0,145.9985
148.5,148.4979
151.0,150.9997
153.5,153.4991
156.0,155.9985
158.5,158.4979
161.0,160.9997
163.5,163.4991
166.0,165.9985
168.5,168.4979
171.0,170.9997
173.5,173.4991
176.0,175.9985
178.5,178.4979
181.0,180.9997
183.5,183.4991
